              precision    recall  f1-score   support

           0      0.959     1.000     0.979        47
           1      0.898     1.000     0.946        44
           2      0.922     1.000     0.959        47
           3      1.000     1.000     1.000        52
           4      1.000     0.997     0.998      3403
           5      1.000     1.000     1.000        54

    accuracy                          0.997      3647
   macro avg      0.963     0.999     0.980      3647
weighted avg      0.997     0.997     0.997      3647
