              precision    recall  f1-score   support

           0      0.979     1.000     0.989        47
           1      0.815     1.000     0.898        44
           2      0.940     1.000     0.969        47
           3      1.000     0.981     0.990        52
           4      1.000     0.996     0.998      3403
           5      0.982     1.000     0.991        54

    accuracy                          0.996      3647
   macro avg      0.953     0.996     0.973      3647
weighted avg      0.996     0.996     0.996      3647
