              precision    recall  f1-score   support

           0      1.000     1.000     1.000        47
           1      0.936     1.000     0.967        44
           2      0.979     1.000     0.989        47
           3      0.981     1.000     0.990        52
           4      1.000     0.999     0.999      3403
           5      1.000     1.000     1.000        54

    accuracy                          0.999      3647
   macro avg      0.983     1.000     0.991      3647
weighted avg      0.999     0.999     0.999      3647
